s = [0.7; 0.7; 0.6; 0.58; 0.21];%sensibilidade

